0,0,0,0,0,0,0,-1,-1,0,0,
1,107.28,0,0,0,0,0,-1,-1,0,0,
1,107.28,-64,0.0,0.0,-2.0,2.0,40.4220963,-1,40.422266,-86.916176,
2,107.28,-3,0.0,0.0,-2.0000000000000013,2.0,40.4220963,-86.9161682,40.422266,-86.916176,
2,107.28,-3,0.0,0.0,-2.0000000000000013,2.0,40.4220963,-86.9161682,40.422266,-86.916176,
3,107.28,-3,0.0,0.0,-2.0000000000000013,2.0,40.4220963,-86.9161682,40.422266,-86.916176,
3,107.28,-3,0.0,0.0,-2.0000000000000013,2.0,40.4220963,-86.9161682,40.422266,-86.916176,
4,107.28,0,0.0,0.0,-1.9999999999999993,2.0,40.4220963,-86.9161758,40.422266,-86.916176,
4,107.28,0,0.0,0.0,-1.9999999999999993,2.0,40.4220963,-86.9161758,40.422266,-86.916176,
5,107.28,0,0.0,0.0,-1.9999999999999993,2.0,40.4220963,-86.9161758,40.422266,-86.916176,
5,107.28,0,0.0,0.0,-1.9999999999999993,2.0,40.4221001,-86.9161758,40.422266,-86.916176,
6,107.28,0,0.0,0.0,-2.0000000000000013,2.0,40.4221001,-86.9161758,40.422266,-86.916176,
6,107.28,0,0.0,0.0,-2.0000000000000013,2.0,40.4221001,-86.9161758,40.422266,-86.916176,
7,107.28,0,0.0,0.0,-2.0000000000000013,2.0,40.4221001,-86.9161758,40.422266,-86.916176,
7,107.28,0,0.0,0.0,-2.0000000000000013,2.0,40.4221039,-86.9161758,40.422266,-86.916176,
8,107.28,0,0.0,0.0,-2.0,2.0,40.4221039,-86.9161758,40.422266,-86.916176,
8,107.28,0,0.0,0.0,-2.0,2.0,40.4221039,-86.9161758,40.422266,-86.916176,
9,107.28,0,0.0,0.0,-2.0,2.0,40.4221039,-86.9161758,40.422266,-86.916176,
9,107.28,0,0.0,0.0,-2.0,2.0,40.4221115,-86.9161835,40.422266,-86.916176,
10,107.28,3,0.0,0.0,-2.0,2.0,40.4221115,-86.9161835,40.422266,-86.916176,
10,107.28,3,0.0,0.0,-2.0,2.0,40.4221115,-86.9161835,40.422266,-86.916176,
11,107.28,3,0.0,0.0,-2.0,2.0,40.4221115,-86.9161835,40.422266,-86.916176,
11,107.28,3,0.0,0.0,-2.0,2.0,40.4221153,-86.9161835,40.422266,-86.916176,
12,107.28,3,0.0,0.0,-2.0,2.0,40.4221153,-86.9161835,40.422266,-86.916176,
12,107.28,3,0.0,0.0,-2.0,2.0,40.4221153,-86.9161835,40.422266,-86.916176,
13,107.28,3,0.0,0.0,-2.0,2.0,40.4221153,-86.9161835,40.422266,-86.916176,
13,107.28,3,0.0,0.0,-2.0,2.0,40.4221191,-86.9161835,40.422266,-86.916176,
14,107.28,3,0.0,0.0,-2.0,2.0,40.4221191,-86.9161835,40.422266,-86.916176,
14,107.28,3,0.0,0.0,-2.0,2.0,40.4221191,-86.9161835,40.422266,-86.916176,
15,107.28,3,0.0,0.0,-2.0,2.0,40.4221191,-86.9161835,40.422266,-86.916176,
15,107.28,3,-0.48,0.42,-2.0000000000000013,2.0,40.422123,-86.9161835,40.422266,-86.916176,
16,107.28,3,-0.48,0.42,-2.0000000000000013,2.0,40.422123,-86.9161835,40.422266,-86.916176,
16,464.84,3,-0.9,0.78,-2.0000000000000013,2.0,40.422123,-86.9161835,40.422266,-86.916176,
17,464.66,3,-0.9,0.78,-2.0,2.0,40.422123,-86.9161835,40.422266,-86.916176,
17,464.66,3,-0.02,0.38,-2.0,2.0,40.422123,-86.9161835,40.422266,-86.916176,
18,464.66,3,-0.02,0.38,-2.0,2.0,40.422123,-86.9161835,40.422266,-86.916176,
18,104.59,3,-2.26,2.9,-2.0,2.0,40.422123,-86.9161835,40.422266,-86.916176,
19,104.59,3,-2.26,2.9,-2.0,2.0,40.422123,-86.9161835,40.422266,-86.916176,
19,104.59,0,-2.56,2.56,-2.0,2.0,40.4221306,-86.9161758,40.422266,-86.916176,
20,104.59,0,-2.56,2.56,-2.0,2.0,40.4221306,-86.9161758,40.422266,-86.916176,
20,13.04,0,-1.5,1.5,-2.0,2.0,40.4221306,-86.9161758,40.422266,-86.916176,
21,13.16,0,-1.5,1.5,1.4101702580291617,2.0,40.4221306,-86.9161758,40.422266,-86.916176,
21,13.16,0,-1.38,1.42,1.4098764359934028,2.0,40.4221382,-86.9161758,40.422266,-86.916176,
22,13.16,0,-1.38,1.42,1.4098764359934028,2.0,40.4221382,-86.9161758,40.422266,-86.916176,
22,20.4,0,-2.1,1.8,1.0880986582156251,2.0,40.4221382,-86.9161758,40.422266,-86.916176,
23,12.03,0,-2.1,1.8,1.460098658215625,2.0,40.4221382,-86.9161758,40.422266,-86.916176,
23,12.03,0,-1.26,0.32,1.4597676808149087,2.0,40.4221458,-86.9161758,40.422266,-86.916176,
24,12.03,0,-1.26,0.32,1.4597676808149087,2.0,40.4221458,-86.9161758,40.422266,-86.916176,
24,4.19,0,1.38,1.54,1.8082121252593533,2.0,40.4221458,-86.9161758,40.422266,-86.916176,
25,4.94,0,1.38,1.54,1.7748787919260198,2.0,40.4221458,-86.9161758,40.422266,-86.916176,
25,4.94,5,1.7,1.68,1.9721938293859083,2.0,40.4221649,-86.9161835,40.422266,-86.916176,
26,4.94,5,1.7,1.68,1.9721938293859083,2.0,40.4221649,-86.9161835,40.422266,-86.916176,
26,2.5,5,2.24,0.92,1.9721938293859083,2.0,40.4221649,-86.9161835,40.422266,-86.916176,
27,-0.81,5,2.24,0.92,2.0,1.7166382738303527,40.4221649,-86.9161835,40.422266,-86.916176,
27,-0.81,6,2.22,2.3,2.0,1.6851287824194094,40.4221764,-86.9161987,40.422266,-86.916176,
28,-0.81,18,2.22,2.3,2.0,1.1459162330072623,40.4221764,-86.9161987,40.422266,-86.916176,
28,2.01,18,2.42,2.44,2.0,1.2712495663405954,40.4221764,-86.9161987,40.422266,-86.916176,
29,2.26,18,2.42,2.44,2.0,1.2823606774517067,40.4221764,-86.9161987,40.422266,-86.916176,
29,2.26,22,2.66,2.7,2.0,1.082810155486986,40.4221954,-86.9161987,40.422266,-86.916176,
30,2.26,22,2.66,2.7,2.0,1.082810155486986,40.4221954,-86.9161987,40.422266,-86.916176,
30,4.54,22,2.96,2.66,2.0,1.082810155486986,40.4221954,-86.9161987,40.422266,-86.916176,
31,4.29,22,2.96,2.66,2.0,1.173032377709208,40.4221954,-86.9161987,40.422266,-86.916176,
32,4.29,34,2.94,2.96,2.0,0.6775155924548528,40.4222069,-86.9162064,40.422266,-86.916176,
32,4.29,34,2.94,2.96,2.0,0.6775155924548528,40.4222069,-86.9162064,40.422266,-86.916176,
33,4.08,34,2.88,3.0,2.0,0.6681822591215194,40.4222069,-86.9162064,40.422266,-86.916176,
33,3.21,34,2.88,3.0,2.0,0.629515592454853,40.4222069,-86.9162064,40.422266,-86.916176,
34,3.21,44,2.48,2.18,2.0,0.14482069437281184,40.422226,-86.9162064,40.422266,-86.916176,